viewcat postnumb
1         14.510498
3         35.305494
3         22.682804
1         39.824359
4         40.423698
3         22.870549
3         39.067584
2         36.010434
4         43.151332
3         29.249312
2         44.925821
4         41.091951
1         14.569896
2          1.971858
2         40.466721
3         32.474791
2         27.313380
4         47.227770
3         43.201274
3         40.386139
4         46.952443
4         45.436843
3         33.954665
4         14.740879
2         34.644535
2         26.853022
4         35.048661
4         20.484690
3         27.109828
2         32.317480
3         49.857172
2         26.315199
3         37.832185
3         32.364927
4         21.522397
2         22.716489
3         28.148353
1         20.972347
2         40.179643
2         36.296884
3         30.993786
2         24.579580
3         41.662462
1         27.990623
2         19.560932
4         28.938242
3         37.546242
3         42.548781
4         35.529889
3         43.942911
1         26.184062
4         29.995618
1         25.534776
2         14.482190
2         44.018009
1         44.212305
2         23.267155
1          9.751552
3         40.086672
4         35.278379
4         63.373613
1         21.201058
4         44.413489
2         27.822772
2         18.932526
1         23.799198
3         10.678596
3         51.180719
3         34.929143
4         60.837227
4         42.040759
4         28.911093
4         43.538370
3         21.463361
4         22.889419
4         40.002143
4         31.864459
3         33.044939
2         28.356909
4         30.244880
4         30.475831
3         31.357195
3         47.620709
2          9.938329
3         40.386695
4         40.461827
4         48.548690
2         23.993769
3         37.613572
4         39.732480
2         21.246544
3         47.989516
4         49.626379
4         44.529498
4         54.349367
3         39.947560
4         22.635136
2         20.892152
3         17.865616
1         16.254345
2         20.349230
3         33.552814
4         26.685166
4         38.524461
3         24.924857
2         47.870959
4         44.712177
2         37.991289
4         41.029287
3         53.863361
4         29.733014
3         27.314230
3         50.768670
4         29.567324
1         19.285306
2         22.972228
1         18.002233
3         29.574704
1         27.278800
3         30.835185
3         26.765460
4         51.649189
4         34.397592
1         19.602328
1         20.506601
2         35.714678
2         26.652046
1         21.219354
2         19.642716
4         33.182697
4         37.440508
2         20.712000
2         33.626388
1          4.347964
3         36.827670
2          9.789831
4         33.440695
4         30.923163
3         24.955692
3         32.326639
3          9.323774
3         47.602088
2          8.308392
2         22.157032
3         19.211667
3         23.733088
3         58.878774
4         36.966861
2         12.673222
3         12.713949
4         41.760297
1         21.436682
3         29.092283
4         26.480926
1          4.700415
4         24.865766
2         39.027014
2         20.338856
3         15.886473
4         57.477757
1         26.491630
3         30.075838
4         48.497556
4         46.591879
3         25.362528
3         60.351679
1         18.742437
2         11.080303
3         31.243002
1         24.012786
4         62.336499
4         37.946021
3         38.690735
3         32.075786
2         23.650078
2         27.099724
2         36.578872
1         45.292946
2         39.342426
1         35.410740
1          7.618772
1         32.858396
1         24.153914
1          4.930686
1         27.584545
1         19.839340
3         51.168737
1         12.919611
2         22.541086
2         16.825030
2         25.458579
2         32.133862
1         13.310801
1         31.109202
1          7.883570
1          9.707689
1         38.068321
1         10.073849
1         26.342080
1         17.306268
1         26.312765
3         53.946300
3         52.679602
1         17.877871
4         11.463780
4         64.437359
1         29.248525
2         33.739708
1         21.495477
2         33.379858
1         19.775293
3         38.241143
1         17.087842
4         21.598284
2         38.886498
2         45.017618
3         29.207799
2         13.053727
3         40.984783
1         21.138744
2          7.521742
4         36.797805
2         20.234728
2         23.569763
2         14.168558
1         42.192674
1         17.875317
1          3.355349
1         23.894918
1         24.646702
1         10.415897
2         -5.799671
4         29.680458
4         43.092923
4         36.112721
2         26.368325
4         42.985634
2         13.824068
3         46.613765
4         36.715005